T Thu Jan 16 11:40:17 GMT-03:00 2014
56 -0.229 5.478 7.364
57 -0.153 5.334 7.642
86 -0.057 5.439 7.661
112 -0.201 5.458 7.805
114 -0.287 5.401 7.786
133 -0.335 5.391 7.613
153 -0.306 5.516 7.422
175 -0.287 5.554 7.489
194 -0.316 5.602 7.403
213 -0.316 5.458 7.623
233 -0.373 5.468 7.46
253 -0.134 5.324 7.585
273 0.0 5.296 7.652
293 -0.153 5.42 7.451
313 -0.201 5.411 7.297
333 -0.114 5.372 7.719
353 -0.287 5.43 7.47
373 -0.335 5.526 7.451
393 -0.287 5.497 7.604
413 -0.277 5.564 7.642
433 -0.287 5.458 7.565
453 -0.344 5.372 7.518
473 -0.296 5.43 7.422
493 -0.268 5.458 7.498
513 -0.191 5.478 7.537
533 -0.268 5.449 7.527
553 -0.22 5.401 7.556
573 -0.296 5.411 7.556
593 -0.335 5.497 7.451
613 -0.258 5.506 7.68
633 -0.316 5.535 7.661
654 -0.373 5.516 7.451
673 -0.306 5.506 7.642
693 -0.335 5.468 7.594
713 -0.296 5.468 7.508
733 -0.296 5.43 7.508
753 -0.124 5.372 7.585
773 -0.21 5.391 7.527
793 -0.229 5.449 7.594
813 -0.258 5.458 7.508
833 -0.201 5.401 7.527
853 -0.277 5.439 7.489
873 -0.363 5.478 7.479
893 -0.325 5.458 7.613
913 -0.383 5.478 7.604
933 -0.363 5.458 7.412
953 -0.258 5.478 7.728
973 -0.306 5.487 7.585
993 -0.296 5.516 7.441
1013 -0.268 5.411 7.556
1033 -0.325 5.43 7.565
1053 -0.316 5.43 7.441
1073 -0.277 5.382 7.537
1093 -0.258 5.43 7.565
1113 -0.239 5.43 7.479
1133 -0.21 5.449 7.565
1153 -0.268 5.468 7.671
1173 -0.268 5.487 7.585
1193 -0.268 5.391 7.546
1213 -0.363 5.42 7.451
1233 -0.354 5.487 7.441
1253 -0.335 5.458 7.546
1273 -0.296 5.497 7.585
1293 -0.296 5.478 7.556
1313 -0.268 5.516 7.518
1333 -0.296 5.497 7.613
1353 -0.325 5.43 7.537
1373 -0.306 5.411 7.518
1393 -0.325 5.353 7.498
1413 -0.268 5.372 7.47
1433 -0.258 5.516 7.498
1453 -0.268 5.535 7.585
1473 -0.335 5.554 7.537
1493 -0.344 5.478 7.508
1513 -0.354 5.439 7.585
1533 -0.392 5.468 7.565
1553 -0.335 5.458 7.632
1573 -0.373 5.478 7.623
1593 -0.325 5.42 7.508
1613 -0.239 5.487 7.546
1633 -0.268 5.497 7.374
1653 -0.258 5.439 7.604
1673 -0.287 5.411 7.623
1693 -0.392 5.42 7.46
1713 -0.239 5.411 7.585
1733 -0.306 5.401 7.518
1753 -0.296 5.468 7.441
1773 -0.287 5.478 7.585
1793 -0.335 5.506 7.537
1813 -0.335 5.497 7.623
1833 -0.325 5.411 7.613
1853 -0.306 5.401 7.508
1873 -0.392 5.439 7.355
1893 -0.335 5.468 7.613
1913 -0.354 5.468 7.537
1933 -0.335 5.478 7.422
1953 -0.296 5.449 7.623
1973 -0.344 5.468 7.613
1993 -0.373 5.506 7.498
2016 -0.316 5.382 7.642
2033 -0.296 5.458 7.642
2054 -0.287 5.43 7.498
2073 -0.344 5.535 7.393
2093 -0.287 5.458 7.479
2113 -0.354 5.458 7.575
2135 -0.383 5.545 7.537
2153 -0.363 5.449 7.546
2173 -0.392 5.478 7.479
2193 -0.296 5.42 7.508
2213 -0.354 5.43 7.47
2234 -0.392 5.506 7.479
2253 -0.373 5.526 7.479
2273 -0.335 5.43 7.594
2297 -0.344 5.478 7.518
2315 -0.411 5.487 7.518
2333 -0.373 5.526 7.546
2354 -0.383 5.564 7.518
2373 -0.392 5.506 7.537
2395 -0.45 5.497 7.556
2414 -0.459 5.487 7.479
2434 -0.373 5.526 7.412
2453 -0.392 5.497 7.451
2475 -0.316 5.458 7.441
2494 -0.249 5.468 7.604
2514 -0.258 5.411 7.508
2534 -0.249 5.42 7.489
2555 -0.306 5.42 7.508
2574 -0.335 5.43 7.527
2594 -0.354 5.478 7.46
2613 -0.383 5.535 7.422
2634 -0.363 5.497 7.594
2654 -0.354 5.516 7.575
2674 -0.354 5.516 7.546
2693 -0.287 5.487 7.479
2713 -0.373 5.391 7.498
2733 -0.354 5.43 7.556
2754 -0.344 5.449 7.47
2773 -0.306 5.468 7.498
2793 -0.344 5.487 7.537
2813 -0.392 5.516 7.451
2833 -0.335 5.401 7.546
2853 -0.325 5.42 7.585
2873 -0.306 5.526 7.508
2893 -0.383 5.497 7.47
2913 -0.363 5.506 7.46
2933 -0.325 5.516 7.489
2953 -0.383 5.545 7.498
2973 -0.363 5.458 7.508
2993 -0.411 5.478 7.623
3013 -0.354 5.468 7.575
3033 -0.296 5.42 7.374
3054 -0.21 5.43 7.355
3074 -0.316 5.43 7.489
3094 -0.316 5.449 7.575
3113 -0.402 5.468 7.575
3133 -0.383 5.535 7.652
3154 -0.469 5.564 7.508
3173 -0.411 5.516 7.46
3193 -0.392 5.506 7.546
3214 -0.335 5.497 7.498
3233 -0.383 5.468 7.403
3253 -0.296 5.439 7.508
3277 -0.325 5.42 7.518
3295 -0.316 5.411 7.47
3314 -0.287 5.468 7.518
3334 -0.411 5.478 7.565
3354 -0.373 5.535 7.527
3374 -0.383 5.497 7.508
3393 -0.344 5.497 7.412
3414 -0.354 5.535 7.422
3434 -0.363 5.449 7.489
3454 -0.335 5.458 7.565
3473 -0.373 5.449 7.546
3493 -0.325 5.516 7.489
3514 -0.316 5.42 7.546
3533 -0.363 5.487 7.537
3553 -0.411 5.506 7.508
3573 -0.392 5.545 7.412
3593 -0.402 5.478 7.527
3613 -0.373 5.468 7.565
3633 -0.354 5.411 7.546
3653 -0.373 5.43 7.489
3673 -0.469 5.497 7.441
3693 -0.45 5.458 7.556
3713 -0.469 5.449 7.518
3733 -0.392 5.497 7.489
3753 -0.344 5.478 7.585
3776 -0.383 5.497 7.623
3794 -0.498 5.545 7.585
3813 -0.43 5.506 7.489
3834 -0.43 5.497 7.585
3854 -0.344 5.449 7.527
3874 -0.373 5.478 7.431
3894 -0.421 5.42 7.393
3913 -0.344 5.468 7.393
3933 -0.373 5.42 7.527
3953 -0.411 5.43 7.671
3973 -0.43 5.545 7.575
3993 -0.402 5.458 7.47
4013 -0.469 5.478 7.575
4033 -0.469 5.506 7.489
4053 -0.469 5.497 7.604
4073 -0.44 5.458 7.546
4093 -0.383 5.497 7.498
4113 -0.373 5.449 7.594
4133 -0.383 5.458 7.585
4153 -0.335 5.449 7.632
4173 -0.344 5.42 7.575
4193 -0.354 5.497 7.412
4213 -0.411 5.42 7.479
4233 -0.354 5.391 7.498
4253 -0.325 5.401 7.46
4273 -0.306 5.411 7.556
4293 -0.373 5.487 7.661
4314 -0.383 5.516 7.632
4334 -0.383 5.497 7.479
4353 -0.373 5.468 7.47
4373 -0.354 5.439 7.508
4393 -0.402 5.43 7.527
4413 -0.411 5.487 7.546
4433 -0.411 5.449 7.585
4453 -0.373 5.497 7.546
4473 -0.325 5.42 7.546
4493 -0.325 5.42 7.632
4513 -0.363 5.43 7.508
4533 -0.258 5.42 7.489
4553 -0.335 5.468 7.479
4573 -0.363 5.43 7.46
4593 -0.383 5.516 7.565
4613 -0.43 5.545 7.556
4633 -0.44 5.526 7.546
4653 -0.459 5.487 7.431
4673 -0.411 5.468 7.479
4694 -0.296 5.449 7.556
4713 -0.277 5.478 7.565
4734 -0.344 5.439 7.632
4753 -0.335 5.449 7.556
4774 -0.344 5.439 7.431
4793 -0.373 5.42 7.441
4813 -0.363 5.401 7.585
4833 -0.383 5.487 7.575
4854 -0.363 5.42 7.604
4873 -0.43 5.497 7.479
4893 -0.44 5.487 7.546
4913 -0.373 5.487 7.537
4933 -0.43 5.583 7.489
4953 -0.277 5.516 7.422
4973 -0.316 5.382 7.431
4993 -0.363 5.353 7.546
5013 -0.277 5.363 7.556
5033 -0.296 5.42 7.585
5053 -0.268 5.478 7.537
5073 -0.354 5.506 7.46
5093 -0.354 5.468 7.518
5113 -0.383 5.487 7.575
5133 -0.478 5.506 7.451
5153 -0.411 5.506 7.594
5173 -0.43 5.487 7.498
5193 -0.335 5.497 7.393
5213 -0.354 5.43 7.403
5233 -0.354 5.497 7.604
5253 -0.363 5.458 7.652
5274 -0.411 5.487 7.537
5293 -0.392 5.439 7.393
5314 -0.392 5.449 7.412
5333 -0.325 5.458 7.451
5353 -0.392 5.516 7.479
5373 -0.344 5.487 7.642
5393 -0.287 5.478 7.738
5413 -0.344 5.458 7.508
5433 -0.277 5.382 7.431
5453 -0.325 5.42 7.498
5473 -0.335 5.43 7.527
5493 -0.316 5.439 7.527
5513 -0.296 5.468 7.747
5533 -0.296 5.468 7.604
5553 -0.373 5.411 7.489
5573 -0.402 5.43 7.47
5593 -0.411 5.43 7.422
5613 -0.354 5.449 7.383
5633 -0.335 5.468 7.556
5653 -0.191 5.631 7.776
5673 -0.22 5.344 7.862
5693 -0.325 5.401 7.575
5713 -0.354 5.458 7.441
5733 -0.43 5.516 7.355
5753 -0.402 5.42 7.326
5773 -0.383 5.468 7.68
5793 -0.335 5.564 7.594
5813 -0.363 5.449 7.632
5833 -0.363 5.468 7.575
5853 -0.344 5.535 7.489
5873 -0.363 5.43 7.393
5893 -0.363 5.363 7.498
5913 -0.249 5.411 7.585
5933 -0.258 5.391 7.613
5953 -0.229 5.449 7.623
5973 -0.392 5.468 7.489
5993 -0.478 5.554 7.297
6013 -0.392 5.487 7.451
6033 -0.392 5.487 7.489
6053 -0.363 5.468 7.47
6073 -0.306 5.478 7.632
6093 -0.383 5.526 7.575
6113 -0.363 5.526 7.546
6133 -0.354 5.439 7.489
6153 -0.392 5.43 7.527
6173 -0.354 5.411 7.46
6194 -0.296 5.449 7.565
6213 -0.277 5.458 7.623
6233 -0.344 5.497 7.604
6253 -0.335 5.458 7.575
6273 -0.268 5.411 7.498
6294 -0.363 5.449 7.403
6313 -0.335 5.43 7.47
6333 -0.287 5.497 7.556
6353 -0.354 5.487 7.585
6373 -0.363 5.526 7.565
6393 -0.411 5.526 7.604
6413 -0.383 5.487 7.489
6433 -0.335 5.487 7.441
6453 -0.287 5.401 7.47
6473 -0.325 5.411 7.498
6493 -0.344 5.535 7.565
6513 -0.363 5.487 7.546
6533 -0.344 5.497 7.46
6553 -0.354 5.497 7.364
6573 -0.402 5.458 7.556
6593 -0.402 5.497 7.575
6613 -0.316 5.449 7.537
6633 -0.354 5.478 7.575
6653 -0.316 5.478 7.498
6673 -0.335 5.487 7.556
6693 -0.363 5.458 7.374
6713 -0.306 5.478 7.46
6733 -0.335 5.458 7.489
6754 -0.325 5.506 7.518
6773 -0.277 5.458 7.546
6793 -0.316 5.449 7.604
6813 -0.325 5.458 7.594
6833 -0.363 5.468 7.087
6857 -0.45 5.621 6.713
6875 -0.268 5.506 7.623
6897 -0.277 5.411 8.399
6913 -0.354 5.277 8.447
6933 -0.22 5.296 7.939
6953 -0.239 5.526 7.269
6973 -0.44 5.545 6.742
