T Mon Jan 20 19:32:15 GMT-03:00 2014
26961 -1
48544 1
87698 3
98861 2
158164 3
159995 2
161551 3
164372 2
171820 4
186063 1
217365 3
235988 2
248072 4
258216 1
267270 3
282748 2
286559 4
289906 2
295446 3
308975 2
328163 4
330850 2
351754 4
353316 2
354449 4
362411 3
376280 2
397236 4
411118 1
441755 3
459241 2
466175 4
480275 1
489787 3
505325 2
506757 4
521514 1
556662 3
573671 2
578703 3
585889 2
588655 4
601224 1
608601 3
626219 2
630478 4
644701 1
690445 3
709194 2
785729 4
798582 1
830034 3
840221 2
841083 4
848260 1
853377 3
869195 2
870187 3
875503 2
889891 4
896671 3
920205 2
938187 4
952894 1
994393 3
1015101 2
1057217 4
1059339 2
1063504 4
1076597 1
1089782 3
1092742 2
1096707 4
1101445 1
1118806 3
1130949 4
1134181 3
1138425 2
1145738 4
1151141 1
1183893 3
1185970 4
1189170 1
1191047 3
1204329 2
1214032 3
1231749 2
1280818 4
1292524 1
1295845 3
1300602 2
1301890 4
1310188 1
1339002 3
1340749 2
1346078 4
1350894 1
1374780 3
1377998 4
1379181 1
1391255 3
1394160 2
1395133 4
1398781 1
1402161 3
1404637 2
1406360 4
1407391 1
1416660 -1
