T Mon Jan 20 20:57:42 GMT-03:00 2014
43340 -1
103470 1
105412 3
115539 2
121788 4
124920 3
136549 2
160222 3
168024 2
176348 4
179746 3
189518 2
195170 4
200191 1
212045 -1
227443 1
241891 3
254992 2
260406 4
265215 -1
287417 3
296378 2
310920 3
318117 2
324470 4
328024 3
337857 2
342066 4
346553 1
355423 -1
370597 1
376083 3
387810 2
393765 4
396897 3
409248 2
430567 3
439613 2
445163 4
449195 3
458861 2
464235 4
470024 1
485113 -1
498325 1
502560 3
516501 2
520372 4
523292 3
535442 2
556177 3
564547 2
570103 4
573801 3
583167 2
590073 4
595583 1
604011 -1
616127 1
647146 3
659854 2
663498 4
667530 3
679552 2
698979 3
707712 2
713411 4
717446 3
726472 2
733419 4
739757 1
753120 -1
767942 1
775397 3
788750 2
793184 4
796593 3
809378 2
832336 3
838324 2
845166 3
847964 2
850559 4
855188 3
866485 2
871103 4
876377 1
890744 -1
903939 1
914698 3
928042 2
933145 4
936464 3
949228 2
967570 3
979037 4
983920 3
993943 2
998595 4
1003929 1
1011505 -1
1026853 1
1032132 3
1045486 2
1050973 4
1054050 3
1066853 2
1085675 3
1093599 2
1099008 4
1102258 3
1111976 2
1118902 4
1123345 1
1131836 -1
1144190 1
1148701 3
1162989 2
1167274 4
1170648 3
1183395 2
1204029 3
1211664 2
1220653 4
1224154 3
1235516 2
1240057 4
1245024 1
1261758 -1
1278704 1
1280613 3
1294582 2
1298379 4
1301255 3
1312409 2
1335507 3
1343764 2
1349388 4
1353044 3
1362085 2
1368918 4
1373576 1
1381971 -1
1399851 1
1422714 3
1435221 2
1450196 3
1460113 2
1479641 1
1479756 3
1486226 2
1494653 4
1498343 3
1507169 2
1514288 4
1520037 1
1533206 -1
1547484 1
1550817 3
1563996 2
1569121 2
1569193 4
1571996 3
1582323 2
1605986 3
1614979 2
1622376 4
1625452 3
1634090 2
1645494 4
1650018 1
1674379 -1
1688088 1
1694298 3
1708373 2
1720980 3
1728393 2
1758616 3
1766691 2
1772490 4
1775654 3
1785276 2
1794138 4
1798640 1
1824440 -1
1836983 1
1849193 3
1862240 2
1867355 4
1870484 3
1881855 2
1921604 3
1926895 2
1929216 4
1932160 3
1944307 4
1952301 1
1961275 -1
