T Tue Jan 21 08:39:01 GMT-03:00 2014
5352 -1
52835 1
59554 3
74598 2
81709 4
86314 3
102513 2
103691 4
107333 3
118827 2
125750 4
139253 1
153766 3
166106 2
218733 4
227084 3
242189 2
268950 4
279300 1
314659 3
336690 2
345755 4
351695 1
373997 3
401233 2
418637 4
422603 2
442728 4
460643 1
482347 3
501795 2
507077 4
515592 1
516405 3
530251 2
530883 4
531962 2
532517 4
536541 2
538023 4
539246 2
551283 4
561060 1
573011 3
594242 2
661871 4
671457 1
677026 3
696794 2
708739 4
716400 2
718658 3
727307 2
736023 4
741912 1
743403 3
755168 2
759598 4
769240 1
813498 3
824359 2
828394 4
833010 2
833686 3
841879 2
853882 3
862171 2
871144 4
875421 2
883007 3
894969 2
904899 4
913925 1
927027 3
942435 2
978012 4
980069 2
995779 4
1005632 1
1050901 3
1062529 2
1070122 3
1072636 2
1078087 3
1079499 2
1084169 4
1090880 1
1144247 3
1171658 2
1179445 4
1183051 2
1199795 3
1229196 2
1241338 4
1247586 2
1248037 1
1250115 3
1255443 2
1257658 3
1261572 4
1265990 1
1297141 3
1319289 2
1324684 4
1337122 1
1337562 -1
