T Sat Jan 25 09:30:24 GMT-03:00 2014
39265 -1
41898 1
52346 3
65956 2
71432 4
74496 3
85766 2
110682 3
113845 2
119095 3
123461 2
127458 4
131199 3
139346 2
146233 4
152112 1
162414 -1
180109 1
193421 3
206200 2
210798 4
214482 3
227518 2
250288 3
257017 2
261790 4
265053 3
272997 2
280649 4
286004 1
302789 -1
318557 1
329602 3
343363 2
345682 4
350599 3
364757 2
381378 3
390045 2
394826 4
398587 3
408642 2
413873 4
418697 1
424095 -1
439287 1
445875 3
458789 2
463652 4
466828 3
477840 2
481380 4
485269 1
499318 3
508232 2
521408 3
530892 2
536243 4
539397 3
549533 2
555049 4
559580 1
567903 -1
583428 1
588891 3
601891 2
607143 4
610642 3
624621 2
643753 3
652765 2
657885 4
662381 3
673858 2
678457 4
682845 1
692382 -1
708337 1
714801 3
727679 2
731543 4
735739 3
748222 2
767147 3
776125 2
781089 4
785397 3
794353 2
801018 4
806342 1
813023 -1
830186 1
834080 3
847160 2
852060 4
855454 3
869302 2
887307 3
896095 2
900913 4
905731 3
915081 2
921389 4
925267 1
931814 -1
947804 1
958058 3
970682 2
976415 4
979722 3
991566 2
1012825 3
1021035 2
1025611 4
1029297 3
1038212 2
1045122 4
1049710 1
1056744 -1
1070979 1
1081379 3
1095303 2
1099266 4
1102686 3
1115449 2
1135456 3
1143453 2
1148576 4
1152717 3
1162041 2
1167937 4
1173255 1
1182125 -1
1198077 1
1226809 3
1239636 2
1244167 4
1247717 3
1261091 2
1282887 3
1292875 2
1297539 4
1302167 3
1312046 2
1317113 4
1321958 1
1331210 -1
1345249 1
1362617 3
1375293 2
1380443 4
1383685 3
1398568 2
1417039 3
1424272 2
1428614 4
1432756 3
1442932 2
1448042 4
1452537 1
1462469 -1
1600310 1
1607696 3
1622275 2
1626650 4
1630115 3
1641036 2
1666188 3
1675639 2
1680313 4
1684342 3
1695209 2
1700018 4
1704717 1
1714259 -1
1728757 1
1739174 3
1751958 2
1756611 4
1759918 3
1775008 2
1793715 3
1801811 2
1806854 4
1810816 3
1822593 2
1827520 4
1832115 1
1844096 -1
1858182 1
1865364 3
1878050 2
1882246 4
1885723 3
1900588 2
1915819 3
1924347 2
1927755 4
1933131 3
1944261 2
1948812 4
1953678 1
1963577 -1
