T Wed Jan 22 20:11:51 GMT-03:00 2014
2223 1
3696 -1
66340 1
103590 3
126930 2
168141 4
175182 1
177295 3
189503 2
205117 3
207307 2
208159 4
211187 2
213578 3
215596 2
216670 4
219937 2
220634 3
241073 2
256928 4
264781 2
265979 3
276085 4
280563 2
282185 3
291419 2
292294 4
298229 1
351609 3
383430 2
432390 4
438060 2
439705 3
452209 2
464863 4
477007 1
519421 3
557096 2
563733 4
570278 2
571020 3
590919 2
619572 4
628971 2
630561 3
638822 4
643482 2
662764 3
667989 2
672170 4
685859 1
714188 3
741838 2
749741 4
761963 1
768147 3
771329 2
771982 3
781580 2
787426 4
790523 2
793870 4
797574 2
802141 4
803060 1
822485 3
838891 2
859492 3
860678 2
890950 3
894168 2
896757 4
913453 1
922343 3
948862 2
960439 4
968178 1
980688 3
996498 2
1031769 4
1032961 2
1064381 4
1071394 3
1076584 2
1078005 4
1078789 2
1080757 3
1090786 2
1093320 4
1096740 2
1097680 3
1107964 2
1112883 4
1114167 3
1120468 2
1123669 4
1128038 3
1131772 2
1132571 4
1134594 3
1139973 2
1140610 4
1143813 3
1150127 4
1153262 3
1190038 2
1209791 4
1211702 1
1215161 3
1240303 2
1259324 4
1264429 2
1268026 3
1286285 2
1295163 4
1310500 1
1348230 3
1381092 2
1425460 4
1428473 3
1434133 2
1443311 4
1455481 1
1499502 3
1507434 2
1510941 3
1518214 2
1530400 4
1540397 3
1542439 2
1544839 4
1550437 3
1560671 2
1567496 4
1573942 2
1575131 3
1578893 4
1580715 -1
