T Fri Jan 24 20:03:00 GMT-03:00 2014
14616 -1
21222 2
21840 4
24210 2
24805 4
25811 2
28897 3
67186 2
75426 4
79238 2
80366 3
88211 2
90552 4
93154 2
96019 3
102137 2
155794 4
157679 2
166640 4
176017 2
178851 3
190375 2
197299 4
207883 1
261889 3
292665 2
363783 4
377637 1
418268 3
466100 2
495767 4
502971 1
556772 3
580388 2
585317 4
599872 1
613821 3
642452 2
647047 4
653193 1
654834 3
655829 1
661593 3
682926 2
687248 4
687650 2
694606 4
699896 3
706918 2
708012 3
711242 2
720811 4
728612 1
734038 3
742733 2
758485 4
764105 2
766134 3
770353 2
813574 4
817173 1
831077 3
836873 2
845513 4
847542 2
849806 3
855969 2
863118 4
867412 3
872864 2
883235 4
884741 2
886775 3
892913 2
902301 4
904315 3
908601 2
914119 3
918172 2
922276 3
951989 2
968293 3
973070 2
978116 3
997523 2
1025877 3
1035430 2
1041859 4
1049332 1
1050746 3
1079099 2
1145168 4
1156515 1
1160133 3
1169244 1
1171750 3
1182504 2
1184166 4
1188858 3
1197646 2
1208316 4
1218833 1
1223050 3
1227586 2
1231735 4
1236751 1
1237933 3
1249315 2
1259900 4
1265216 1
1266862 3
1270466 2
1274029 -1
