T Sun Jan 19 12:32:24 GMT-03:00 2014
15785 -1
72781 1
82957 3
94764 2
100997 4
105959 3
116495 2
138714 3
145193 2
153871 4
159107 3
165892 3
166453 2
172697 4
180735 1
195136 -1
209200 1
219404 3
232101 2
237478 4
242023 3
252208 2
274213 3
283424 2
288856 4
294269 3
302493 2
308729 4
315610 1
334605 -1
360568 1
371432 -1
386349 3
397551 2
404151 4
410527 3
422096 2
442816 3
451137 2
456392 4
461360 3
469925 2
476477 4
482035 1
494386 -1
552124 1
556177 3
568246 -1
587385 3
599643 2
621096 3
630672 2
635640 4
641239 3
650248 2
654623 4
660654 1
674108 -1
687756 1
696214 3
708879 2
713421 4
719065 3
731245 2
747727 3
756450 2
761470 4
767512 3
776526 2
781049 4
786738 1
798738 -1
812132 1
817788 3
829477 2
834252 4
838949 3
851432 2
867781 3
876701 2
882141 4
887506 3
896162 2
901235 4
907770 1
917229 -1
937021 1
940718 3
952677 2
958163 4
964185 3
976088 2
995410 3
1004459 2
1009634 4
1013920 3
1022778 2
1029331 4
1034541 1
1044743 -1
1057747 1
1062167 3
1074517 2
1079527 4
1084361 3
1096149 2
1116729 3
1123467 -1
1158547 1
1164266 3
1174752 2
1180730 4
1185374 1
1191272 3
1206881 2
1211903 4
1216954 3
1228805 2
1246412 3
1255014 2
1260509 4
1265461 3
1276932 2
1279215 4
1283789 1
1300145 3
1316954 2
1321904 4
1326675 3
1337567 2
1355797 3
1364163 2
1369976 4
1375054 3
1383122 2
1389500 4
1395413 1
1413349 -1
1424612 3
1433682 2
1437725 4
1443038 3
1453219 2
1469868 3
1478915 2
1484236 4
1490093 3
1499518 2
1504670 4
1509398 1
1521048 -1
1532609 3
1541955 2
1547485 4
1553308 3
1569281 2
1571910 4
1577686 1
1582307 3
1598035 2
1604328 4
1609058 3
1618473 2
1624226 4
1629675 1
1640309 -1
1656757 1
1662769 3
1677554 2
1680673 4
1685487 3
1698775 2
1714328 3
1722763 2
1728126 4
1732382 3
1742863 2
1747496 4
1752230 1
1762044 -1
1775031 1
1783100 3
1796820 2
1804054 3
1815244 2
1832898 3
1840480 2
1847857 4
1853075 3
1862028 2
1868551 4
1872894 1
1881678 -1
1893465 1
1900775 3
1914788 2
1923796 3
1932262 2
1950316 3
1958039 2
1965998 4
1970000 3
1984649 4
1990866 1
2002199 -1
2082151 1
2089232 3
2101391 2
2107636 4
2112645 3
2124813 2
2134075 -1
2137730 3
2143515 4
2147321 3
2157418 2
2165283 4
2171671 3
2178836 2
2186041 4
2190057 1
2198782 -1
2210937 1
2216098 3
2228868 2
2234240 4
2238232 3
2250846 2
2268766 3
2277862 2
2283129 4
2286883 3
2295296 2
2302405 4
2306940 1
2322627 -1
2335388 1
2338207 3
2350404 2
2355215 4
2359803 3
2373765 2
2390604 3
2398047 2
2406944 4
2412509 3
2421789 2
2427097 4
2431738 1
2436446 -1
2448724 1
2461071 3
2474650 2
2480278 4
2483916 3
2497305 2
2516398 3
2525950 2
2531279 4
2535886 3
2545341 2
2550558 4
2555697 1
2564441 -1
2623608 1
2629895 3
2643627 2
2647276 4
2651616 3
2665286 2
2682454 3
2691865 2
2697705 4
2702068 3
2712225 2
2718567 4
2722463 1
2731763 -1
2747390 1
2758816 3
2772844 2
2777950 4
2782048 3
2794306 2
2816309 3
2825624 2
2831430 4
2835318 3
2846161 2
2851656 4
2855396 1
2873123 -1
2887148 1
2893136 3
2905954 2
2915235 4
2916418 3
2928290 2
2947088 3
2955699 2
2961809 4
2966343 3
2976421 2
2991294 3
2999052 2
3003438 4
3008183 3
3020742 2
3038393 3
3047381 2
3053549 4
3057484 3
3068632 2
3074943 4
3079564 1
3093608 -1
3107701 1
3113498 3
3126590 2
3133748 4
3136344 3
3149046 2
3167540 3
3176160 2
3181725 4
3186623 3
3196691 2
3201220 4
3205764 1
3217366 -1
3231504 1
3236135 3
3248471 2
3254896 4
3259638 3
3271718 2
3304840 -1
3313069 3
3322258 2
3324241 4
3329030 3
3338668 2
3345434 4
3349964 -1
3371022 1
3376210 3
3389451 2
3394040 4
3399318 3
3411190 2
3431386 3
3440811 2
3447265 4
3451789 3
3461773 2
3467041 4
3471562 1
3487163 -1
3502072 1
3510073 3
3525233 2
3575821 3
3580132 2
3581983 4
3586437 3
3595785 2
3601138 4
3606125 1
3612755 -1
3624603 1
3633857 3
3648403 2
3659958 3
3667416 2
3683552 3
3692494 2
3698164 4
3702631 3
3712056 2
3717274 4
3721600 1
3745211 -1
3757359 1
3768813 3
3781953 2
3786143 4
3790032 3
3801903 2
3820057 3
3829755 2
3834462 4
3839449 3
3848948 2
3854124 4
3859521 1
3869759 -1
3951566 1
3955861 3
3970573 2
3974837 4
3978721 3
3990369 2
4009462 3
4018596 2
4024604 4
4029567 3
4038815 2
4043835 4
4048588 1
4057998 -1
4069941 1
4075994 3
4090697 2
4094730 4
4098123 3
4109581 2
4129620 3
4139085 2
4145012 4
4149632 3
4159565 2
4164029 4
4168488 1
4180980 -1
4196778 1
4202942 3
4218426 2
4223420 4
4226574 3
4239492 2
4257812 3
4270017 2
4273013 4
4276512 3
4290620 2
4293184 4
4296838 1
4309407 -1
4331255 1
4377155 3
4393129 2
4398284 4
4401634 3
4417913 2
4433796 3
4442746 2
4449070 4
4452955 3
4466629 2
4469538 4
4473826 1
4483440 -1
4496845 1
4501877 3
4515294 2
4521262 4
4524556 3
4538736 2
4557390 3
4566826 2
4572311 4
4576882 3
4586471 2
4593259 4
4597513 1
4605424 -1
4620256 1
4636567 3
4645636 -1
4667637 1
4691167 3
4702984 2
4705568 4
4707517 3
4719916 2
4739399 3
4749442 2
4755127 4
4760046 3
4769943 2
4775348 4
4780236 1
4796159 -1
4808971 1
4814412 3
4827944 2
4833374 4
4836760 3
4850328 2
4869389 3
4878524 2
4884065 4
4887895 3
4897457 2
4904318 4
4908349 1
4925937 -1
4940648 1
4947909 3
4961923 2
4968904 4
4972623 3
4987073 2
5004434 3
5014131 2
5019270 4
5023191 3
5033204 2
5039900 4
5044261 1
5052630 -1
5065889 1
5074087 3
5088597 2
5093741 4
5096904 3
5112012 2
5129269 3
5138926 2
5144524 4
5148276 3
5159859 2
5164667 4
5168930 1
5184066 -1
5196760 1
5202578 3
5217227 2
5221967 4
5225020 3
5238068 2
5259185 3
5270053 2
5274761 4
5280361 3
5289981 2
5296480 4
5300867 1
5309578 -1
5327808 1
5348721 3
5362320 2
5368525 4
5371764 3
5385788 2
5404703 3
5414515 2
5420544 4
5423905 3
5435106 2
5440218 4
5444748 1
5462096 -1
5474564 1
5482326 3
5496371 2
5501877 4
5505539 3
5519147 2
5537202 3
5546631 2
5551567 4
5555297 3
5566853 2
5573128 4
5576796 1
5588396 -1
5683163 1
5689139 3
5703408 2
5709950 4
5712845 3
5727217 2
5744642 3
5755065 2
5759117 4
5763813 3
5773780 2
5780707 4
5782882 1
5790793 -1
