T Sat Jan 25 11:22:58 GMT-03:00 2014
28163 -1
45268 1
57381 3
70829 2
75679 4
79496 3
92251 2
109288 3
118442 2
122005 4
126190 3
136404 2
142187 4
147528 1
159145 -1
171726 1
179794 3
193116 2
196390 4
200254 3
213390 2
228546 3
237755 2
241927 4
245814 3
256813 2
260589 4
266264 1
272873 -1
286261 1
310679 3
323559 2
326576 4
330716 3
345132 2
361312 3
370243 2
374515 4
378156 3
388377 2
392755 4
398087 1
405777 -1
419759 1
427105 3
442001 2
444720 4
448138 3
462268 2
478875 3
486987 2
491127 4
495379 3
505124 2
512248 4
516413 1
526381 -1
541076 1
547965 3
560936 2
564690 4
570012 3
583758 2
601830 3
609706 2
613700 4
619374 3
629442 2
633662 4
638877 1
649507 -1
663677 1
676836 3
690021 2
694120 4
697849 3
713398 2
731117 3
738862 2
743794 4
747247 3
751168 2
760705 3
765805 2
768723 4
772734 1
785065 -1
798773 1
809168 3
823099 2
827227 4
831043 3
843476 2
859683 2
860328 -1
879007 3
886314 2
887744 4
891374 3
901630 2
906869 4
911816 1
919500 -1
933751 1
943945 3
956327 2
960994 4
963967 3
977395 2
994857 3
1004813 2
1008477 4
1012798 3
1022664 2
1027630 4
1033487 1
1042890 -1
1058656 1
1065679 3
1079383 2
1082661 4
1086661 3
1100102 2
1115331 3
1123908 2
1128639 4
1132592 3
1143064 2
1147007 4
1152263 1
1160963 -1
1175838 1
1192946 3
1206849 2
1210132 4
1213783 3
1227585 2
1243065 3
1251752 2
1255815 4
1259700 3
1270237 2
1274622 4
1280210 1
1286522 -1
1302256 1
1313015 3
1327654 2
1331686 4
1334537 3
1349001 2
1362922 3
1371844 2
1376696 4
1381002 3
1391155 2
1396033 4
1402370 1
1407895 -1
1421133 1
1430521 3
1442288 2
1445972 4
1449933 3
1463771 2
1479618 3
1488584 2
1492250 4
1496687 3
1505820 2
1513178 4
1517708 2
1527118 3
1536842 2
1540648 4
1543944 3
1556003 2
1573535 3
1582056 2
1586276 4
1590952 3
1601111 2
1606132 4
1611685 1
1624668 -1
1639215 1
1648424 3
1662107 2
1666723 4
1670456 3
1684774 2
1701189 3
1710123 2
1712619 4
1717970 3
1727714 2
1739560 3
1747239 2
1750571 4
1754199 3
1766280 2
1783340 3
1792705 2
1797588 4
1801907 3
1814005 2
1816710 4
1822721 1
1839615 -1
1854700 1
1869875 3
1885118 2
1887373 4
1890880 3
1906598 2
1932200 3
1937988 2
1942556 3
1949934 2
1970419 4
1975941 1
1983930 -1
