T Tue Jan 21 19:32:25 GMT-03:00 2014
33615 -1
51434 1
74285 3
88302 2
122882 3
137691 2
145408 4
150847 2
154930 3
163769 2
170708 4
173529 2
226729 4
232464 2
234620 3
240733 2
268365 4
274455 2
275091 3
285705 2
291794 4
297650 2
303453 1
330838 3
351819 2
389425 4
396409 1
407382 3
425411 2
433593 4
451385 1
483675 3
517766 2
593410 4
602079 3
615235 2
638589 4
649191 2
654924 4
658584 1
690529 3
732736 2
733317 4
744545 1
794633 3
817834 2
860790 4
870576 1
871818 3
881863 2
889390 4
895780 1
905705 3
910277 4
913898 2
914268 3
920068 4
923240 1
924626 3
928938 2
934084 3
953561 2
964884 3
978659 2
1006891 4
1012249 1
1013443 3
1018797 4
1026287 3
1039519 2
1055929 4
1060899 3
1066407 2
1071499 3
1080990 2
1084375 4
1087376 2
1088239 3
1099580 2
1101311 4
1104588 3
1112968 2
1114731 4
1116258 3
1120835 2
1122588 4
1124271 3
1129815 4
1132880 3
1139181 2
1139795 4
1141340 3
1164073 2
1181667 3
1188155 4
1192077 3
1210649 2
1229936 4
1232248 3
1236892 2
1239445 3
1240358 2
1242268 3
1253627 2
1261411 4
1270739 1
1298771 3
1301605 4
1304515 1
1309962 3
1362603 2
1383833 4
1392243 2
1396745 3
1402393 2
1403708 3
1406372 2
1411349 4
1419675 1
1505271 3
1509015 2
1519559 3
1524277 2
1540444 4
1551504 1
1552371 3
1556392 2
1566807 3
1571994 2
1572556 4
1574604 3
1583550 2
1590174 4
1593323 3
1594094 2
1595068 3
1601056 2
1607390 4
1608460 -1
