T Sat Jan 25 10:47:45 GMT-03:00 2014
24099 -1
43503 1
50769 3
61428 2
69002 4
72367 3
80641 2
89774 3
94827 2
107902 3
113881 2
122670 4
127702 3
138125 2
143967 4
148495 1
162672 -1
176502 1
180664 3
194875 2
199549 4
203283 3
214886 2
238361 3
246429 2
252337 4
257924 3
267270 2
274066 4
279447 1
285632 -1
298757 1
301942 3
316281 2
319645 4
323150 3
335661 2
356243 3
365233 2
369595 4
373675 3
384264 2
388661 4
393770 1
401664 -1
416445 1
425342 3
438964 2
443355 4
447517 3
460192 2
480948 3
490314 2
494619 4
499738 3
509149 2
514857 4
519143 1
526055 -1
541209 1
548385 3
559962 2
564566 4
568474 3
580871 2
600960 3
610324 2
615752 4
619791 3
628781 2
636806 4
641626 1
648168 -1
661637 1
673748 3
686979 2
690853 4
695347 3
706597 2
723059 3
731102 2
735213 4
740366 3
750727 2
753400 4
759087 1
765715 -1
779784 1
787889 3
801264 2
806428 4
809926 3
824124 2
843052 3
852170 2
856174 4
860694 3
871785 2
874657 4
880155 1
886806 -1
900574 1
905930 3
920462 2
923889 4
927841 3
941581 2
959701 3
969140 2
972568 4
977319 3
986715 2
991809 4
996938 1
1003942 -1
1017993 1
1026513 3
1040002 2
1043409 4
1047599 3
1061529 2
1079453 3
1089262 2
1093308 4
1097680 3
1107674 2
1112279 4
1117575 1
1126192 -1
1138118 1
1149887 3
1163073 2
1167708 4
1171074 3
1183316 2
1205569 3
1215597 2
1220069 4
1224599 3
1235584 2
1240656 4
1244853 1
1255571 -1
1272157 1
1281689 3
1294520 2
1299040 4
1303579 3
1313669 2
1325864 3
1332307 2
1343673 3
1351082 2
1355648 4
1359890 3
1369965 2
1376050 4
1381045 1
1388264 -1
1402916 1
1410479 3
1424411 2
1428230 4
1431958 3
1445646 2
1464201 3
1473675 2
1477717 4
1482055 3
1493380 2
1502112 1
1508150 -1
1523602 1
1529542 3
1542110 2
1545939 4
1550886 3
1566053 2
1580482 3
1588968 2
1593353 4
1597180 3
1607003 2
1614556 4
1618684 1
1623927 -1
1638030 1
1643933 3
1657680 2
1660999 4
1665253 3
1678633 2
1693713 3
1702492 2
1706433 4
1710210 3
1720858 2
1725510 4
1732059 1
1752005 -1
1765605 1
1769891 3
1783657 2
1787852 4
1791126 3
1805497 2
1821992 3
1831226 2
1835710 4
1840261 3
1852465 2
1862803 3
1874394 2
1877853 4
1882414 3
1895485 2
1916998 -1
