T Wed Jan 22 08:45:33 GMT-03:00 2014
3062 -1
33353 2
44189 4
51820 1
52926 3
62712 2
65566 4
66556 2
91379 3
93267 2
119625 4
124985 3
144944 2
157512 4
166582 3
186157 2
202947 4
216970 1
225535 3
239525 2
279032 4
290679 1
328278 3
341333 2
425427 4
433651 1
454513 3
465755 2
477533 3
484137 2
502745 4
506345 2
513388 3
518525 2
528609 4
539521 1
554014 3
571332 2
574132 4
577555 2
580393 3
581982 2
593291 4
596356 2
651068 4
664740 1
718734 3
732340 2
751536 4
754325 1
771258 3
787505 2
828638 4
834840 2
846669 4
854321 1
891111 3
910609 2
915932 4
921082 2
925044 3
933720 2
934405 4
942913 1
986147 3
1007014 2
1068514 4
1075302 1
1094592 3
1108384 2
1109549 3
1112935 2
1121000 4
1129239 1
1133212 -1
1135754 3
1137811 4
1152553 -1
