T Sat Jan 25 10:07:47 GMT-03:00 2014
25686 -1
242886 1
253190 -1
267103 1
272381 3
284995 2
288846 4
293710 3
304232 2
326918 3
335662 2
340646 4
344910 3
356006 2
359199 4
364138 1
373622 -1
386954 1
404197 3
417609 2
421624 4
425277 3
425460 3
437817 2
455797 3
465129 2
469024 4
473305 3
482628 2
487525 4
492805 1
498893 -1
514409 1
523442 3
535377 2
541672 4
545116 3
559518 2
575069 3
582656 2
586771 4
591336 3
602024 2
606864 4
612283 1
650560 -1
666911 1
676485 3
690180 2
693795 4
697737 3
711189 2
734166 3
742118 2
746636 4
750594 3
761291 2
764309 4
770954 1
803960 -1
825311 1
828453 3
841614 2
846220 4
849359 3
859011 2
876973 4
880683 1
920745 3
937669 2
947303 4
951567 3
964730 2
967840 4
973170 1
973303 1
990754 -1
1006354 1
1013920 3
1026689 2
1031259 4
1036020 3
1049334 2
1068334 3
1076765 2
1081718 4
1086787 3
1095777 2
1101561 4
1108102 1
1117943 -1
1134032 1
1141910 3
1154771 2
1160080 4
1163400 3
1176178 2
1195738 3
1205017 2
1207414 4
1213131 3
1224403 2
1229880 4
1234703 1
1253401 -1
1270308 1
1288912 3
1301172 2
1305215 4
1309480 3
1321131 2
1340785 3
1350140 2
1353134 4
1357916 3
1367581 2
1372232 4
1377930 1
1391909 -1
1407030 1
1414695 3
1426840 2
1431913 4
1435642 3
1449184 2
1467899 3
1477585 2
1481324 4
1485675 3
1495408 2
1501617 4
1506046 1
1511208 -1
1526910 1
1541067 3
1554124 2
1558197 4
1561606 3
1575895 2
1591128 3
1599805 2
1604310 4
1608856 3
1620311 2
1623318 4
1627100 2
1637670 -1
