T Thu Jan 23 20:53:23 GMT-03:00 2014
56233 -1
81322 1
124655 3
137666 2
142979 4
146287 3
160351 2
177641 3
184641 2
195685 3
200806 2
204707 4
210456 1
217949 -1
230279 1
232896 3
244972 2
249628 4
253081 3
265814 2
284913 3
292893 2
299197 4
302304 3
310520 2
316831 4
322186 1
334646 -1
347981 1
352610 3
365764 2
369319 4
372416 3
385214 2
403935 3
413497 2
419924 2
420031 2
420033 4
420254 4
422739 3
427616 2
445586 4
450232 1
484293 -1
493920 1
496036 3
507546 2
513394 4
515868 3
530287 2
550764 3
560548 2
565453 4
569387 3
580582 2
595932 3
605546 2
613458 4
615780 3
625318 2
646473 3
654663 4
654845 2
662094 4
665772 3
679367 2
692373 -1
767926 3
776653 2
786666 3
789443 2
882618 4
885644 2
886307 3
890996 2
900162 4
903729 2
908606 3
918615 2
925884 4
928227 3
939091 2
951836 3
965058 2
968336 4
970723 3
988475 2
998037 3
1001628 2
1004094 4
1008893 3
1018188 2
1032419 4
1035606 3
1040616 2
1049210 4
1053154 3
1063949 2
1071139 4
1078313 3
1094282 2
1101417 3
1113881 4
1118235 3
1138156 2
1157364 4
1160420 3
1169555 2
1175391 4
1179323 3
1182540 2
1186297 4
1189207 3
1194446 2
1202690 4
1208506 3
1220246 2
1225666 4
1228919 3
1241473 2
1250559 4
1256308 3
1271540 2
1273615 4
1276045 3
1293763 2
1303823 3
1308010 2
1312287 4
1316053 3
1325743 2
1338936 4
1342534 3
1348492 2
1356544 4
1360186 2
1364318 3
1375669 2
1379554 4
1382832 3
1397505 2
1402987 4
1406964 2
1408199 4
1409662 1
1416114 3
1432796 2
1435301 4
1438021 3
1457137 2
1467010 3
1472210 2
1476957 4
1480073 3
1488213 2
1504872 4
1508250 2
1517166 4
1519642 2
1538427 3
1547625 2
1551548 4
1554268 3
1564113 2
1579385 3
1590559 2
1597675 3
1604121 2
1607589 3
1625475 2
1633234 4
1637046 3
1644784 2
1660799 4
1664633 3
1669612 2
1679274 4
1684253 3
1696874 2
1701562 4
1705663 3
1718355 2
1730177 3
1741776 2
1744021 4
1746369 3
1764844 2
1782781 4
1785555 3
1795620 2
1807671 4
1810950 3
1816084 2
1825190 4
1830616 3
1847663 2
1850882 4
1854247 3
1864913 2
1877780 3
1887762 2
1889413 4
1892556 3
1911735 2
1920410 3
1928392 2
1929786 4
1934186 3
1944994 2
1945810 -1
