T Mon Jan 27 08:38:56 GMT-03:00 2014
2352 -1
49486 1
58504 -1
79357 1
109386 3
116663 2
129259 4
132748 1
169799 3
187117 2
197871 4
208060 2
209691 4
211711 1
213337 3
230077 2
236365 4
240219 2
253196 3
260824 2
268225 4
279147 1
280540 3
288511 2
303050 4
307638 2
308171 4
310527 2
315931 3
318629 2
327960 3
340405 2
420532 4
425290 3
434401 2
442820 4
446124 2
449023 3
463656 2
469104 4
474701 2
479173 3
490247 2
524217 4
535238 1
556915 3
571515 2
576052 4
581348 2
584048 4
585636 2
587119 4
590384 2
592238 3
603828 2
627743 4
641095 1
677646 3
697380 2
706137 4
717773 1
743959 3
757457 2
813304 4
815561 1
842586 3
861473 2
877541 3
888292 2
939992 4
949866 1
972711 3
997224 2
1010541 4
1015262 2
1021838 3
1032396 2
1039434 4
1051136 1
1076961 3
1098020 2
1163141 4
1171881 1
1199167 3
1217905 2
1251858 4
1262482 1
1294331 3
1306014 2
1309828 3
1315297 2
1336313 4
1342062 2
1348306 4
1350851 2
1353576 4
1358173 1
1398862 3
1410640 2
1436123 4
1444640 1
1501280 3
1525651 2
1548553 4
1555807 2
1562983 4
1565018 2
1573629 3
1580641 2
1595532 4
1600771 2
1608807 4
1610819 1
1613170 -1
