T Tue Jan 21 20:41:34 GMT-03:00 2014
35055 -1
62660 1
66615 3
79243 2
84054 4
86977 3
101188 2
121056 3
128314 2
138819 4
141577 3
150585 2
159667 4
163999 1
172020 -1
184930 1
192762 3
205147 2
212713 4
215120 3
228774 2
243750 4
250095 2
260182 3
267429 2
273474 4
276494 3
285557 2
294064 4
299424 1
309862 -1
320468 3
334040 2
339164 4
342272 3
354733 2
381074 3
388611 2
393352 4
396585 3
407421 2
413599 4
417900 1
432997 -1
446324 1
452133 3
465612 2
470251 4
473248 3
484430 2
506647 3
513961 2
521508 4
524870 3
533748 2
540868 4
545821 1
553762 -1
571203 1
580071 3
592883 2
596202 4
599897 3
612407 2
633330 3
642546 2
648989 4
651939 3
663087 2
668221 4
672745 1
686105 -1
701292 1
713854 3
727567 2
732071 4
735589 3
749093 2
771604 3
780486 2
785264 4
788137 3
798026 2
803905 4
807970 1
823862 -1
837933 1
859348 3
874373 2
877325 4
880501 3
890169 2
895769 4
898452 2
920751 3
927182 2
931881 4
937100 3
945742 2
953665 4
958063 1
969218 -1
983868 1
991733 3
1005409 2
1009318 4
1012245 3
1023467 2
1047792 3
1057227 2
1060945 4
1064519 3
1073163 2
1080853 4
1085941 1
1100081 -1
1146246 1
1149666 3
1161825 2
1168235 4
1171348 3
1181833 2
1208267 3
1217254 2
1223542 4
1226758 3
1235814 2
1242598 4
1247519 1
1256273 -1
1270691 1
1274243 3
1284858 2
1291496 3
1293615 4
1298950 3
1311597 2
1335202 3
1341304 2
1347995 4
1351614 3
1361577 2
1367349 4
1372216 1
1383975 -1
1401357 1
1406442 3
1420150 2
1425030 4
1428258 3
1442465 2
1456591 3
1463368 2
1469154 4
1473008 3
1483666 2
1490376 4
1495180 1
1505810 -1
1520287 1
1525640 3
1538825 2
1544115 4
1547367 3
1560384 2
1580352 3
1589076 2
1595130 4
1598872 3
1610484 2
1616162 4
1620150 1
1629350 -1
1642666 1
1650223 3
1663890 2
1669290 4
1672232 3
1687958 2
1707469 3
1715637 2
1721850 4
1725826 3
1735872 2
1742538 4
1747250 1
1756820 -1
1772328 1
1777903 3
1791188 2
1796088 4
1800106 3
1811035 2
1843408 3
1850677 2
1856925 4
1860735 3
1869949 2
1877775 4
1884045 1
1891669 -1
