T Sat Jan 18 12:24:09 GMT-03:00 2014
16190 1
18925 -1
49312 1
51064 3
57876 2
77689 3
83789 2
92756 4
96581 2
102817 3
109752 2
115229 4
118512 2
132396 3
141915 2
147450 4
151218 -1
180485 1
201054 3
210457 2
225682 -1
248983 2
253674 3
260521 2
269134 4
272032 -1
275090 3
283325 2
289401 4
291817 -1
303599 3
313962 2
319563 4
321410 -1
326814 3
337427 2
346711 4
349199 -1
367235 3
375529 2
384185 4
387308 -1
390283 3
397634 2
403778 4
407564 1
449073 -1
466218 3
478431 2
483397 4
485694 -1
488724 3
499989 2
523237 3
530907 2
538908 4
541400 -1
544527 3
553865 2
559879 4
563791 1
590893 -1
604395 3
615240 2
620739 4
622875 -1
631138 3
641154 2
658802 3
663681 -1
708352 1
727616 3
739712 2
746260 4
748807 -1
751606 3
764157 2
788932 3
797031 2
801205 4
804422 -1
806915 3
807116 3
817622 2
821556 4
827060 1
845797 -1
860101 3
869902 2
875479 4
879334 -1
882509 3
895414 2
907083 -1
917172 2
925895 3
933563 2
940496 4
945294 3
953684 2
959629 4
965403 1
980209 -1
993067 3
1002681 2
1009537 4
1014904 2
1023532 3
1034563 2
1040367 -1
1043019 2
1055036 3
1063991 2
1069825 4
1075111 3
1085115 2
1089782 4
1095936 1
1119991 -1
1182194 1
1189070 3
1202154 2
1207109 4
1211454 3
1224403 2
1243575 3
1252203 2
1257447 4
1262892 3
1272041 2
1276364 4
1282756 1
1305162 -1
1319948 3
1330207 2
1337351 4
1342616 3
1353667 2
1375877 3
1386029 2
1391774 4
1395696 3
1406824 2
1410389 4
1415665 1
1430054 -1
1448124 1
1455291 3
1467242 2
1475535 4
1480837 3
1493602 2
1514709 3
1523807 2
1529294 4
1534634 3
1545553 2
1550173 4
1556231 1
1571884 -1
1601618 1
1609406 3
1621576 2
1627201 4
1631981 3
1643689 2
1664941 3
1674800 2
1679820 4
1684966 3
1692711 2
1698890 4
1705585 1
1723134 -1
1739454 1
1788341 3
1803361 2
1808338 4
1814163 3
1826593 2
1838694 -1
1847664 2
1854145 3
1864654 2
1871445 4
1877695 3
1886166 2
1892322 4
1898514 1
1912978 -1
