T Mon Jan 20 08:50:24 GMT-03:00 2014
43217 -1
50399 2
68529 -1
83873 4
89677 2
95828 3
99705 2
109617 4
113084 3
119122 4
124022 3
135924 4
138528 3
148135 2
190195 4
198971 1
207731 3
220629 2
228140 4
237459 3
244547 2
252671 4
257320 3
271983 2
278004 4
286114 1
297864 3
304129 2
363992 4
369497 3
387340 2
411204 4
422951 1
476448 3
490896 2
507219 4
519049 1
534528 3
544969 2
557818 3
566644 2
591026 4
605012 1
613956 3
614953 1
643428 3
661329 4
668216 2
741651 4
755522 1
766231 3
788808 2
812716 4
823596 1
825518 3
841472 2
848876 4
859926 2
860440 1
876224 3
889529 2
892083 3
908991 2
910378 4
917448 1
970844 3
980174 2
986113 4
993258 1
995482 3
998856 4
1003415 1
1003769 3
1029113 2
1041935 4
1044116 2
1050345 4
1051897 2
1053937 4
1059038 2
1059583 3
1065258 2
1067702 4
1077447 1
1095120 3
1114214 2
1160401 4
1162092 2
1162980 4
1176910 2
1177844 1
1212040 3
1228875 2
1238550 4
1239491 2
1252498 4
1262398 1
1301427 3
1332137 2
1369353 4
1375332 2
1383696 4
1392097 1
1405634 3
1418790 2
1435175 4
1443645 2
1449592 4
1455940 1
1458196 -1
