T Fri Jan 17 19:40:06 GMT-03:00 2014
20708 3
28328 2
32382 3
35813 2
38061 4
44167 1
95976 3
122043 2
181144 4
190148 1
228621 3
246150 2
257847 4
269247 1
279953 3
297592 2
305321 4
308597 3
325272 -1
350608 2
384826 3
387247 2
393618 3
400411 2
409887 3
422976 2
443233 4
451012 3
453765 2
485789 4
489114 2
490345 4
491641 -1
495261 4
499249 1
534355 3
564023 2
575374 3
577344 2
633141 3
635859 2
652803 4
658317 2
659686 4
676255 -1
678807 1
720048 3
750355 4
758925 1
809318 3
828386 2
879565 4
891762 1
940709 3
956331 2
961867 3
963762 2
976666 4
987226 2
989090 -1
1001292 3
1007605 2
1013452 4
1019500 2
1022427 4
1027527 1
1029989 3
1037280 2
1049822 3
1052740 2
1057031 4
1059308 2
1060284 4
1063655 2
1064650 3
1066481 2
1071675 3
1085396 2
1141761 4
1149138 3
1153495 4
1158277 3
1166788 2
1169510 4
1174412 3
1184364 4
1189961 3
1199038 4
1200881 3
1205209 2
1209957 3
1213663 2
1214379 4
1217443 3
1222610 2
1223560 4
1226095 3
1240538 2
1264917 3
1266937 4
1268712 2
1269861 -1
1279145 3
1293386 2
1314045 4
1320435 2
1322131 3
1340955 2
1346354 3
1351140 2
1352958 4
1357522 3
1367555 2
1441996 4
1451148 2
1464509 4
1471357 1
1550886 3
1560870 2
1571445 3
1577235 2
1588789 4
1601048 3
1602972 2
1603587 -1
1612345 3
1614678 2
1616587 3
1620719 2
1631149 4
1636489 3
1643479 2
1644564 -1
